opposition,total_gls,total_op,total_carries,gls_percent
Durham Uni,67,41,108,62
Harrogate,28,27,55,51
Hull,34,20,54,63
Hull I's,30,26,56,54
Leeds,47,32,79,59
Otley,33,37,70,47
Preston,45,34,79,57
Sheffield,42,19,61,69
Tynedale,54,43,97,56
Wharfedale,37,27,64,58
