opposition,total_gls,total_op,total_carries,gls_percent
Chester,23,31,54,43
Durham Uni,67,41,108,62
Harrogate,28,27,55,51
Hull,34,20,54,63
Hull (H),38,25,63,60
Hull I's,30,26,56,54
Leeds,47,32,79,59
Leeds (A),36,43,79,46
Lymm,57,60,117,49
Otley,33,37,70,47
Preston,45,34,79,57
Sheffield,42,19,61,69
Sheffield Tigers,37,36,73,51
Tynedale,54,43,97,56
Tynedale (H),28,25,53,53
Wharfedale,37,27,64,58
