opposition,total_tackles,total_missed,tackle_attempts,Tackle_percent
Chester,134,16,150,89
Durham Uni,60,8,68,88
Harrogate,164,21,185,89
Hull,148,39,187,79
Hull I's,147,19,166,89
Leeds,243,53,296,82
Lymm,158,46,204,77
Otley,188,26,214,88
Preston,133,29,162,82
Sheffield,181,51,232,78
Tynedale,204,40,244,84
Wharfedale,123,22,145,85
